pattern_size:
- 9
- 6
square_size: 19.0
image_width: 1920
image_height: 1080
camera_matrix:
- - 1366.246791690754
  - 0.0
  - 957.3505219028702
- - 0.0
  - 1380.3900558424157
  - 531.0229436220598
- - 0.0
  - 0.0
  - 1.0
dist_coeffs:
- -0.39244693809206865
- 0.12178107113728949
- -0.0017265261411339699
- 0.0008382499978442843
- 0.0
new_camera_matrix:
- - 940.712890625
  - 0.0
  - 961.2232739396859
- - 0.0
  - 952.4004516601562
  - 524.2864343994333
- - 0.0
  - 0.0
  - 1.0
roi:
- 81
- 134
- 1760
- 797
num_samples: 45
mean_reprojection_error: 0.1072565847407389
